10 ,10
     123     176     120     153     181      23      66     125     131     127
     209     186      88     159     211     208       2      32      27     215
     137     243     165     113      90     231     212     253     164     123
     255      13       3     240      44      26      92     163      27     119
       8     154     135     132      52      93     168      36     135       7
     252     113       6     156      71     174      53     157     217     124
     127     218      15      81     216     136      28      39     161     147
       9     113     204      54     251      83      64     200     181      18
     127     217      93     202     134     125     131      95     245     232
      95     181     111      59      90      36      68     158     209      38
